91.74532508
86.65080008
90.29272497
103.4415751
112.5892502
93.32294996
83.92813117
98.83042509
102.0231187
95.32334978
55.01802498
46.20020002
64.5489499
53.44475006
44.37447507
46.12324994
42.50635618
51.95952503
40.86395001
42.51537511
89.49802487
78.25349996
80.17492494
85.52565
82.94692508
85.41465016
81.92375606
79.16617491
78.14317498
83.77643751
42.68067532
42.84990001
43.28945009
56.76604992
43.66508736
24.32495031
47.54924371
60.06560013
49.55562492
41.06164981
98.56042486
88.06920011
82.66241244
102.0254186
97.07294983
81.93929993
90.06372502
92.24975014
73.60213754
64.15739991
47.50071266
44.40216883
50.04336873
52.54617493
57.00996846
49.84777504
63.87552514
42.86919997
52.45092511
55.93969991
93.67276865
81.49605002
87.20647498
93.73740016
89.43509999
83.87850013
94.51653743
90.95422492
88.82204996
88.93724994
46.724225
49.58645021
54.65824992
51.84162502
46.11237506
43.48861252
38.43990007
41.21787475
45.63514999
36.0763999
78.43935
72.32035
68.63572496
75.15755635
75.72899997
89.61942518
75.49027499
71.36535004
66.34379997
74.43952506
33.71248759
38.82482492
33.04580014
37.98162502
34.28607494
34.1121501
34.67757517
27.67902504
27.3611001
31.22127496
77.71267512
64.9683002
70.433325
74.83004985
68.97091878
71.10735001
75.43372523
78.92287506
89.6820002
79.60147493
40.5802249
41.42712493
37.22884999
35.78637496
43.43584975
41.20565016
36.79843759
39.6404187
42.57264985
32.26763745
81.88042504
81.18795005
80.46757516
84.642075
80.74342505
73.83412508
83.27557502
75.00359993
76.50727508
78.52022495
28.79915001
39.43188127
34.11282495
48.76954985
36.16969969
36.67947488
39.98014999
43.61172491
38.3912
32.74939998
47.55802498
46.445925
47.24752509
47.15631249
